189.52 0.1882022472
179.51 0.202247191
169.50 0.2157303371
159.49 0.2196629213
149.47 0.2292134831
139.46 0.2331460674
129.45 0.2292134831
119.44 0.2308988764
109.43 0.2219101124
99.41 0.2073033708
-157.90 0.2471910112
-164.91 0.2387640449
-171.92 0.2471910112
-178.93 0.25
-185.93 0.2623595506
-192.94 0.2612359551
-199.95 0.258988764
-206.96 0.2449438202
-213.97 0.243258427
-220.98 0.2353932584
-227.99 0.2353932584
-234.99 0.2376404494
-242.00 0.2471910112
-249.01 0.254494382
-256.02 0.2578651685
-263.03 0.2651685393
-270.04 0.2719101124
-277.05 0.2825842697
-284.05 0.2831460674
-291.06 0.2853932584
-298.07 0.2921348315
-305.08 0.2966292135
-312.09 0.2938202247
-319.10 0.2983146067
-326.11 0.2971910112
-333.11 0.2926966292
-340.12 0.2859550562
-347.13 0.2747191011
-354.14 0.2719101124
-361.15 0.2584269663
-368.16 0.2533707865
-375.17 0.256741573
-382.17 0.2606741573
-389.18 0.2769662921
-396.19 0.2893258427
-403.20 0.2921348315
-410.21 0.3005617978
-417.22 0.3106741573
-424.23 0.3129213483
-431.23 0.3162921348
-438.24 0.3168539326
-445.25 0.3146067416
-452.26 0.3185393258
-459.27 0.3123595506
-466.28 0.3005617978
-473.29 0.3061797753
-480.29 0.302247191
-487.30 0.2876404494
-494.31 0.2926966292
-501.61 0.2848314607
